  -8.0315915821
   0.0030270455
   0.0066902980
   0.0388412203
   5.0112624086
 672.8183235630
 673.0562527357
1352.3236721675
2393.6281499778
   0.0000001108
  -0.0000000378
   0.0000000712
   0.2853644312
  -0.6455513708
  -0.0427864020
  -0.2853642473
   0.6455512755
   0.0427865631
   0.0599906253
  -0.5189132721
   0.0076375097
   0.0692313137
  -0.5988866364
   0.0088150048
   0.0692314054
  -0.5988866785
   0.0088139600
  -0.0070891985
   0.0068682003
   0.5223291492
  -0.0081811705
   0.0079269379
   0.6028327549
  -0.0081811145
   0.0079267248
   0.6028332847
  -0.5189160021
  -0.0600721592
  -0.0062511246
  -0.5988977794
  -0.0693436287
  -0.0072169254
  -0.5988978846
  -0.0693434540
  -0.0072165147
   0.0000001951
  -0.0000003662
  -0.0000001998
   0.0243392030
   0.0574421146
  -0.7043495431
  -0.0243387590
  -0.0574429640
   0.7043491027
  -0.3441045811
   0.7784594337
   0.0515961543
   0.1490825329
  -0.3372538224
  -0.0223529410
   0.1490826389
  -0.3372537638
  -0.0223529325
   0.0293486140
   0.0692685931
  -0.8493617017
  -0.0127152199
  -0.0300093915
   0.3679678981
  -0.0127152294
  -0.0300093948
   0.3679678863
   0.0000000364
  -0.0000000631
  -0.0000000104
  -0.6465097279
  -0.2827787624
  -0.0454020685
   0.6465096963
   0.2827788170
   0.0454020775
  -0.7796202583
  -0.3409925978
  -0.0547484096
   0.3377486956
   0.1477251501
   0.0237181472
   0.3377486921
   0.1477251877
   0.0237181534
