  -0.5355933139
  -0.0590068146
  -0.0393101888
   0.0338183195
   0.2638492637
   1.2635372914
  26.6177682924
  29.9733469926
  46.2478899002
 107.2342198475
 668.5779863035
 672.4939576124
 673.3554991030
 681.2748317154
1340.0190366469
1350.8660065164
2385.8300652369
2391.9952707767
  -0.1822035743
  -0.2554510010
  -0.0648410400
  -0.3099137852
  -0.0667156012
  -0.0873421882
  -0.1121377347
  -0.5227895945
  -0.0627144499
   0.1831218627
   0.2542596388
   0.0644008386
   0.1132562936
   0.5214398420
   0.0622076664
   0.3109145872
   0.0653150596
   0.0868325345
   0.3238868456
   0.0653322341
   0.1591628654
   0.3740294241
   0.0751927438
   0.1819612508
   0.3736007456
   0.0756221586
   0.1853889608
   0.3230891708
   0.0618228332
   0.1737831831
   0.3731085745
   0.0711282578
   0.1988782272
   0.3726738994
   0.0715717076
   0.2023107542
  -0.1308223134
  -0.1517663330
   0.3183558130
  -0.1511831774
  -0.1750169519
   0.3692841902
  -0.1507965204
  -0.1753126101
   0.3656212532
  -0.1301215264
  -0.1484475798
   0.3040499182
  -0.1503643686
  -0.1711960766
   0.3527314557
  -0.1499920574
  -0.1714585945
   0.3490610856
   0.1215675798
  -0.3317052870
  -0.1051673168
   0.1404115314
  -0.3832237938
  -0.1204492113
   0.1402036853
  -0.3824540787
  -0.1222838970
   0.1211337510
  -0.3310820806
  -0.1129605622
   0.1399360611
  -0.3825625255
  -0.1294672718
   0.1396742556
  -0.3816688015
  -0.1313033740
   0.0068407837
   0.0704624459
  -0.3508265609
   0.0160259762
   0.0786082954
  -0.5029207606
  -0.0001153467
   0.0843981477
  -0.3091655281
  -0.0229545523
  -0.0862246155
   0.3542414895
  -0.0184870768
  -0.1025879165
   0.3130792722
  -0.0346188953
  -0.0968019888
   0.5068873591
   0.0153860693
   0.0099638083
   0.0761711204
   0.0259854024
   0.0709367417
  -0.3985652238
   0.0096524047
  -0.0475334703
   0.5718313052
  -0.0150054354
  -0.0096234939
  -0.0760790913
  -0.0092182059
   0.0479270654
  -0.5717418514
  -0.0255409558
  -0.0705445903
   0.3986871007
  -0.0000011182
  -0.0003643322
   0.0022417851
   0.0003685326
  -0.0799342183
   0.4925950792
  -0.0003650912
   0.0802301270
  -0.4945092384
  -0.0000021311
  -0.0003604883
   0.0022245223
  -0.0003666365
   0.0802321155
  -0.4945072308
   0.0003677278
  -0.0799276428
   0.4925551250
   0.0008849696
  -0.0003058323
  -0.0000490612
  -0.2038307959
   0.4513269050
   0.0733759600
   0.2017694268
  -0.4504328633
  -0.0732434516
   0.0016819582
  -0.0006552348
  -0.0001048559
   0.2027364628
  -0.4512536504
  -0.0733754352
  -0.2029525139
   0.4513461585
   0.0733799689
   0.3176168155
  -0.1276137318
  -0.0205420494
   0.2928820927
   0.0200129880
   0.0032185202
   0.4425200576
  -0.3135437406
  -0.0504686564
  -0.3176139396
   0.1276115386
   0.0205415220
  -0.4419714110
   0.3124373655
   0.0502906480
  -0.2934345284
  -0.0189057778
  -0.0030407882
   0.0354934767
  -0.2262355470
  -0.0363707724
   0.1976031713
  -0.6098994400
  -0.0980697674
  -0.1213349111
   0.1026865827
   0.0165278712
  -0.0354935038
   0.2262395112
   0.0363714496
   0.1212681202
  -0.1027899078
  -0.0165444412
  -0.1975364954
   0.6099992169
   0.0980858424
  -0.0001003832
   0.0958525089
  -0.5955589633
   0.0000440917
  -0.0413156617
   0.2566974214
   0.0000429696
  -0.0415641994
   0.2582490550
   0.0001002723
  -0.0958713175
   0.5956794171
  -0.0000429241
   0.0415723741
  -0.2583014130
  -0.0000440406
   0.0413237871
  -0.2567494260
  -0.2455376005
   0.5451382523
   0.0877784067
   0.1097011262
  -0.2414957916
  -0.0388843661
   0.1037640166
  -0.2370894872
  -0.0381758014
   0.2427050874
  -0.5392513668
  -0.0868328276
  -0.1025657564
   0.2345160775
   0.0377624483
  -0.1084451733
   0.2389685721
   0.0384784364
  -0.2443533892
   0.5406594274
   0.0868716662
   0.1075661291
  -0.2325472541
  -0.0373648695
   0.1041483410
  -0.2358650958
  -0.0378982965
  -0.2468764821
   0.5466576555
   0.0878369419
   0.1052082374
  -0.2384743275
  -0.0383181870
   0.1087003714
  -0.2352078297
  -0.0377930232
  -0.0000254003
   0.0956509990
  -0.5953663750
   0.0000109924
  -0.0417355333
   0.2597751024
   0.0000110183
  -0.0411401437
   0.2560730106
  -0.0000256594
   0.0956317904
  -0.5952455731
   0.0000111299
  -0.0411318455
   0.2560208383
   0.0000110998
  -0.0417273897
   0.2597238961
   0.0013206541
   0.0035296505
   0.0005672690
  -0.4576397915
  -0.2018805798
  -0.0324144395
   0.4564954192
   0.1988230420
   0.0319230417
   0.0013256895
   0.0035162404
   0.0005651117
   0.4563700926
   0.1986332107
   0.0318924151
  -0.4575183618
  -0.2016805516
  -0.0323821723
   0.0090570801
   0.0064548945
   0.0010368510
  -0.4610210270
  -0.2021922354
  -0.0324642480
   0.4531696021
   0.1970845733
   0.0316438610
  -0.0090563551
  -0.0064572600
  -0.0010372326
  -0.4533994825
  -0.1970418902
  -0.0316368589
   0.4612502797
   0.2021516018
   0.0324575749
   0.5511969156
   0.2409624422
   0.0386891046
  -0.2296109181
  -0.1010747250
  -0.0162287584
  -0.2461971107
  -0.1080318329
  -0.0173457502
  -0.5521844971
  -0.2412213775
  -0.0387304992
   0.2466317762
   0.1081429827
   0.0173635156
   0.2300319315
   0.1011879268
   0.0162468596
  -0.5510738228
  -0.2427769562
  -0.0389808065
   0.2363831582
   0.1050153981
   0.0168616639
   0.2410870067
   0.1053361176
   0.0169128356
  -0.5502146904
  -0.2422310426
  -0.0388929755
   0.2407017327
   0.1050924520
   0.0168736333
   0.2360273787
   0.1047857155
   0.0168247095
