  -3.9972329547
  -0.0551697896
   0.0054565130
   0.0338281171
   0.2749491522
   5.0250763816
  27.0420304789
  28.9578845524
  46.1245507378
 107.0544375816
   0.0000000000
   0.0000000000
   0.0000000000
   0.0000000000
   0.0000000000
   0.0000000000
   0.0000000000
   0.0000000000
  -0.1814338509
  -0.2594155837
  -0.0409732504
  -0.3099770600
  -0.0692240804
  -0.0588602297
  -0.1102801192
  -0.5294573225
  -0.0359875167
   0.1814323930
   0.2594084411
   0.0409722760
   0.1103451137
   0.5294573698
   0.0359890854
   0.3099082153
   0.0692073486
   0.0588562798
   0.1077315929
  -0.3533431032
  -0.0005275644
   0.1239507908
  -0.4069339018
  -0.0006100069
   0.1247016832
  -0.4086511969
  -0.0006029735
   0.1077290349
  -0.3533720114
  -0.0003795198
   0.1247004342
  -0.4086881456
  -0.0004379272
   0.1239461309
  -0.4069638109
  -0.0004325823
  -0.0031987658
  -0.0005337557
  -0.3691976253
  -0.0036940618
  -0.0006157592
  -0.4260780730
  -0.0036903802
  -0.0006172975
  -0.4261231106
  -0.0031994378
  -0.0004716573
  -0.3695895296
  -0.0036908204
  -0.0005472349
  -0.4265702413
  -0.0036951770
  -0.0005421748
  -0.4265374798
  -0.3533402954
  -0.1077067664
   0.0031886928
  -0.4077874213
  -0.1243381130
   0.0036348779
  -0.4077999884
  -0.1243171461
   0.0037193144
  -0.3533421716
  -0.1077159499
   0.0032290612
  -0.4078011631
  -0.1243296371
   0.0037634656
  -0.4077906087
  -0.1243468410
   0.0036841186
  -0.0000593560
   0.0585890857
  -0.3643127047
  -0.0000768494
   0.0690806831
  -0.4294489074
  -0.0000605516
   0.0664461429
  -0.4132727166
   0.0000514669
  -0.0584331869
   0.3639157793
   0.0000512568
  -0.0662619476
   0.4127908047
   0.0000679416
  -0.0689046932
   0.4290125097
   0.0178558452
   0.0237573377
   0.0108746510
   0.0300488370
   0.0856578515
  -0.4836093777
   0.0113119171
  -0.0303591240
   0.5057798357
  -0.0178552385
  -0.0237548898
  -0.0108722523
  -0.0113165079
   0.0303615611
  -0.5057958728
  -0.0300428247
  -0.0856543660
   0.4836294932
  -0.0000509857
  -0.0004859140
   0.0022519483
   0.0145619987
  -0.1113079546
   0.4863105992
  -0.0143871928
   0.1112061221
  -0.4881979877
  -0.0000987127
  -0.0004591094
   0.0022386520
  -0.0144446298
   0.1112613561
  -0.4881904246
   0.0145089327
  -0.1113019640
   0.4862742176
   0.0007039456
   0.0002774522
   0.0001112109
  -0.2035078144
   0.4454010778
   0.1074766665
   0.2010287574
  -0.4430604855
  -0.1074665834
   0.0014569965
  -0.0000624902
   0.0000553203
   0.2019379105
  -0.4438545078
  -0.1075931023
  -0.2026734474
   0.4454153524
   0.1074751008
   0.3185230965
  -0.1258693006
  -0.0202790431
   0.2941945863
   0.0213392921
   0.0040811089
   0.4432923863
  -0.3108387977
  -0.0507213389
  -0.3185201799
   0.1258682614
   0.0202788050
  -0.4427680492
   0.3097891223
   0.0505446806
  -0.2947221602
  -0.0202862010
  -0.0039041868
   0.0356402579
  -0.2270302488
  -0.0364953239
   0.1974055306
  -0.6099970760
  -0.0983321770
  -0.1208134475
   0.1009786950
   0.0165056324
  -0.0356402403
   0.2270342593
   0.0364959676
   0.1207482284
  -0.1010848790
  -0.0165224850
  -0.1973403752
   0.6100998685
   0.0983484824
