  -3.9972329547
  -0.0551697896
   0.0054565130
   0.0338281171
   0.2749491522
   5.0250763816
 668.6239524897
 672.3139851209
 673.1724401446
 681.3187080677
1340.1422573962
1350.9869687401
2386.0578263310
2392.2217010459
   0.0000000000
   0.0000000000
   0.0000000000
   0.0000000000
  -0.1814338509
  -0.2594155837
  -0.0409732504
  -0.3099770600
  -0.0692240804
  -0.0588602297
  -0.1102801192
  -0.5294573225
  -0.0359875167
   0.1814323930
   0.2594084411
   0.0409722760
   0.1103451137
   0.5294573698
   0.0359890854
   0.3099082153
   0.0692073486
   0.0588562798
   0.1077315929
  -0.3533431032
  -0.0005275644
   0.1239507908
  -0.4069339018
  -0.0006100069
   0.1247016832
  -0.4086511969
  -0.0006029735
   0.1077290349
  -0.3533720114
  -0.0003795198
   0.1247004342
  -0.4086881456
  -0.0004379272
   0.1239461309
  -0.4069638109
  -0.0004325823
  -0.0031987658
  -0.0005337557
  -0.3691976253
  -0.0036940618
  -0.0006157592
  -0.4260780730
  -0.0036903802
  -0.0006172975
  -0.4261231106
  -0.0031994378
  -0.0004716573
  -0.3695895296
  -0.0036908204
  -0.0005472349
  -0.4265702413
  -0.0036951770
  -0.0005421748
  -0.4265374798
  -0.3533402954
  -0.1077067664
   0.0031886928
  -0.4077874213
  -0.1243381130
   0.0036348779
  -0.4077999884
  -0.1243171461
   0.0037193144
  -0.3533421716
  -0.1077159499
   0.0032290612
  -0.4078011631
  -0.1243296371
   0.0037634656
  -0.4077906087
  -0.1243468410
   0.0036841186
  -0.0000593560
   0.0585890857
  -0.3643127047
  -0.0000768494
   0.0690806831
  -0.4294489074
  -0.0000605516
   0.0664461429
  -0.4132727166
   0.0000514669
  -0.0584331869
   0.3639157793
   0.0000512568
  -0.0662619476
   0.4127908047
   0.0000679416
  -0.0689046932
   0.4290125097
   0.0178558452
   0.0237573377
   0.0108746510
   0.0300488370
   0.0856578515
  -0.4836093777
   0.0113119171
  -0.0303591240
   0.5057798357
  -0.0178552385
  -0.0237548898
  -0.0108722523
  -0.0113165079
   0.0303615611
  -0.5057958728
  -0.0300428247
  -0.0856543660
   0.4836294932
   0.0013832138
  -0.0986970078
   0.5950899668
  -0.0006176287
   0.0425769255
  -0.2564940429
  -0.0005854059
   0.0428029439
  -0.2580498782
  -0.0013787383
   0.0987080382
  -0.5952108425
   0.0005835480
  -0.0428076967
   0.2581024328
   0.0006156082
  -0.0425817288
   0.2565462173
   0.2455426548
  -0.5447158404
  -0.0909060641
  -0.1097135991
   0.2413268802
   0.0402352923
  -0.1037719292
   0.2369220148
   0.0395337157
  -0.2426334012
   0.5386555222
   0.0899494609
   0.1025407264
  -0.2342728121
  -0.0391154374
   0.1084237279
  -0.2387250195
  -0.0398247158
  -0.2442800619
   0.5408038011
   0.0854584042
   0.1075452283
  -0.2326107754
  -0.0367481641
   0.1041369746
  -0.2359392369
  -0.0372917141
  -0.2468794692
   0.5469679879
   0.0864777930
   0.1052291835
  -0.2386208164
  -0.0377351206
   0.1087136778
  -0.2353450682
  -0.0371999964
   0.0005462297
   0.0943828791
  -0.5955648556
  -0.0002409954
  -0.0411900021
   0.2598646601
  -0.0002323540
  -0.0405885593
   0.2561653988
   0.0005455545
   0.0943638064
  -0.5954448332
  -0.0002320518
  -0.0405803195
   0.2561135661
  -0.0002407154
  -0.0411819161
   0.2598137909
   0.0013236946
   0.0035281361
   0.0005669822
  -0.4576493762
  -0.2018632628
  -0.0324109887
   0.4565053943
   0.1988064579
   0.0319196412
   0.0013286573
   0.0035146794
   0.0005648188
   0.4563765719
   0.1986151116
   0.0318887727
  -0.4575243856
  -0.2016616812
  -0.0323784745
   0.0090571968
   0.0064577520
   0.0010371313
  -0.4610271081
  -0.2021762574
  -0.0324608816
   0.4531747055
   0.1970662708
   0.0316402439
  -0.0090564861
  -0.0064601405
  -0.0010375161
  -0.4534080998
  -0.1970251092
  -0.0316334866
   0.4612598847
   0.2021371663
   0.0324544578
   0.5512128777
   0.2409423363
   0.0386848934
  -0.2296203601
  -0.1010647094
  -0.0162266989
  -0.2462085603
  -0.1080231970
  -0.0173438753
  -0.5521855613
  -0.2411946634
  -0.0387252276
   0.2466367157
   0.1081314806
   0.0173611803
   0.2300349878
   0.1011750526
   0.0162443411
  -0.5510752800
  -0.2427493957
  -0.0389754809
   0.2363861935
   0.1050035964
   0.0168593124
   0.2410915347
   0.1053250710
   0.0169105791
  -0.5502310614
  -0.2422100426
  -0.0388887068
   0.2407129160
   0.1050843447
   0.0168718508
   0.2360366231
   0.1047766671
   0.0168228018
